# NED Radio Data on 3C220.3
# Hz, wavelength[micron], [Jy], error [Jy], [mJy], error[mJy]
4.61e+14   0.216919739696   2.6e-05   3.85e-06   0.026   0.00385
4.273e+14   0.234027615259   2.53e-05   1e-06   0.0253   0.001
1.412e+14   0.70821529745   0.0001193   3e-05   0.1193   0.03
1.27e+13   7.87401574803   0.0048   0.0005   4.8   0.5
4.2e+12   23.8095238095   0.0207   0.0048   20.7   4.8
1.92e+12   52.0833333333   0.136   0.0311   136.0   31.1
31400000000.0   3184.7133758   0.53   0.11   530.0   110.0
10700000000.0   9345.79439252   0.27   0.03   270.0   30.0
10700000000.0   9345.79439252   0.253   0.028   253.0   28.0
5000000000.0   20000.0   0.64   0.1   640.0   100.0
5000000000.0   20000.0   0.636   0.05   636.0   50.0
2700000000.0   37037.037037   1.33   0.07   1330.0   70.0
2700000000.0   37037.037037   1.34   0.101   1340.0   101.0
1400000000.0   71428.5714286   2.95   0.0886   2950.0   88.6
1400000000.0   71428.5714286   2.99   0.06   2990.0   60.0
1400000000.0   71428.5714286   2.8   0.14   2800.0   140.0
1400000000.0   71428.5714286   2.89   0.093   2890.0   93.0
750000000.0   133333.333333   5.94   0.273   5940.0   273.0
750000000.0   133333.333333   5.94   0.21   5940.0   210.0
750000000.0   133333.333333   5.6   0.84   5600.0   840.0
352000000.0   284090.909091   11.3   0.453   11300.0   453.0
352000000.0   284090.909091   11.6   0.464   11600.0   464.0
178000000.0   561797.752809   15.7   2.35   15700.0   2350.0
178000000.0   561797.752809   17.1   1.71   17100.0   1710.0
152000000.0   657894.736842   22.6   0.08   22600.0   80.0
152000000.0   657894.736842   22.5   0.035   22500.0   35.0
86000000.0   1162790.69767   51.6   9.9   51600.0   9900.0
73800000.0   1355013.55014   37.5   3.82   37500.0   3820.0
38000000.0   2631578.94737   49.6   4.96   49600.0   4960.0
38000000.0   2631578.94737   40.2   6.3   40200.0   6300.0
37800000.0   2645502.6455   60.7   6.07   60700.0   6070.0
17800000.0   5617977.52809   64.9   6.49   64900.0   6490.0

